0.464792 0 1.6972 1 
0.509604 0 0.289588 1 
0.633521 1 3.45553 1 
0.794727 1 0.117048 1 
0.301635 0 14.3825 1 
0.229846 1 7.58058 1 
-0.0817636 0 0.514181 1 
0.446687 0 15.6474 1 
0.608805 0 12.2024 1 
0.403227 0 3.85619 1 
0.417695 1 6.96616 1 
0.364046 0 3.15478 1 
0.382911 1 4.07896 1 
0.214754 0 0.955502 1 
0.21948 1 3.92517 1 
0.909391 1 1.01543 1 
0.648841 1 4.57126 1 
0.0855426 0 3.44185 1 
0.771645 0 4.19863 1 
0.461073 0 4.0729 1 
0.527669 1 13.9639 1 
0.454433 0 6.5973 1 
0.538281 0 3.15629 1 
0.785962 0 32.8896 1 
0.285831 1 12.6256 1 
0.723958 0 11.3359 1 
0.357198 0 4.26002 1 
0.332514 0 4.59286 1 
0.141692 0 0.916666 1 
0.232843 1 35.6895 1 
0.389327 1 2.41007 1 
0.370258 1 13.4676 1 
0.70135 0 16.2848 1 
0.520263 1 6.46865 1 
0.545522 1 5.36094 1 
1.21318 0 79.59 1 
-0.115906 0 0.0535905 1 
0.838914 0 90.1598 1 
1.08859 1 0.683273 1 
0.589583 0 0.171273 1 
0.455446 0 0.147682 1 
0.953337 0 58.8046 1 
0.571302 0 0.0671851 1 
0.0756576 0 1.40557 1 
0.260919 0 1.11904 1 
0.356804 0 2.88446 1 
0.573353 1 5.07577 1 
0.496884 0 10.5008 1 
0.446609 1 9.35427 1 
0.357082 0 10.1423 1 
1.0721 1 0.184585 1 
0.423772 0 6.76667 1 
0.282127 0 4.81285 1 
0.465572 1 2.28021 1 
0.123168 1 6.58375 1 
0.616601 1 4.79655 1 
0.470852 0 5.15354 1 
0.291849 0 9.59189 1 
0.421851 1 4.30307 1 
0.730624 1 8.53563 1 
0.0445809 0 0.688465 1 
0.541692 0 18.6694 1 
0.278522 0 5.13364 1 
0.19952 0 0.338446 1 
0.0282165 1 37.9513 1 
0.823778 1 0.0905467 1 
0.0616198 1 4.33688 1 
0.292344 0 0.905925 1 
0.52392 0 3.48699 1 
0.62335 1 9.72276 1 
0.670889 1 6.70717 1 
0.295337 1 0.410139 1 
0.84619 0 6.83474 1 
0.390774 0 4.49136 1 
0.46508 1 23.677 1 
0.602558 0 8.77783 1 
0.80351 1 2.55484 1 
0.72719 0 11.5411 1 
0.506889 0 0.29054 1 
1.12034 1 0.955031 1 
0.462931 0 8.44826 1 
0.571449 1 1.59227 1 
0.591496 1 5.76712 1 
0.607725 1 0.584076 1 
0.852316 1 0.766016 1 
0.905739 0 7.09012 1 
0.152064 1 34.0173 1 
-0.0149341 1 56.0399 1 
0.534502 0 19.3576 1 
0.396098 0 10.9919 1 
1.00788 0 103.319 1 
0.490532 1 3.8991 1 
0.48761 0 2.04716 1 
0.190174 0 3.58079 1 
0.477273 0 19.507 1 
0.451931 0 21.5236 1 
0.595552 1 4.74202 1 
0.188806 1 149.802 1 
0.370392 0 3.065 1 
0.340746 0 1.6931 1 
0.142133 0 1.71946 1 
0.00159222 1 106.365 1 
0.153178 1 35.2469 1 
0.213067 0 3.15456 1 
0.310291 1 14.2296 1 
0.228422 0 2.35272 1 
0.797237 1 0.263198 1 
0.530466 1 8.90633 1 
0.854089 0 25.3377 1 
0.00826433 0 0.135419 1 
0.625861 1 12.655 1 
0.0777933 1 9.51857 1 
0.935243 1 2.79718 1 
0.354856 0 0.144484 1 
0.36222 1 4.5283 1 
0.559955 0 11.8446 1 
0.102282 1 12.5577 1 
0.662092 0 3.73601 1 
0.524186 0 1.20618 1 
0.199949 0 2.60395 1 
0.779948 0 2.737 1 
0.674474 0 2.73924 1 
0.716164 1 1.38301 1 
0.305727 0 0.67282 1 
0.304686 1 25.8593 1 
0.458477 1 14.738 1 
0.690148 1 3.5204 1 
0.667796 1 0.0740399 1 
0.160197 1 12.5733 1 
0.830569 1 0.289081 1 
0.766079 1 5.02417 1 
-0.0601583 1 191.383 1 
0.655905 1 1.59318 1 
0.423075 0 1.55192 1 
0.387341 0 4.59197 1 
0.643954 0 3.66065 1 
0.506812 0 15.9726 1 
0.930449 1 0.0366465 1 
0.207163 1 3.82948 1 
0.41402 1 3.9842 1 
1.03343 0 43.141 1 
0.939999 0 107.502 1 
0.267284 1 0.643714 1 
0.315548 1 21.3711 1 
-0.0804706 0 0.112684 1 
0.174792 1 23.0549 1 
1.20709 1 0.728723 1 
1.25345 0 188.665 1 
0.844099 1 1.01639 1 
0.932872 1 0.0557497 1 
0.418225 0 7.4579 1 
0.45364 1 3.75661 1 
0.295788 0 0.404849 1 
0.841615 1 2.17421 1 
0.3567 1 12.8713 1 
0.491117 1 4.62506 1 
0.720266 1 3.73956 1 
0.651252 1 3.1317 1 
0.465587 0 7.27348 1 
0.543154 1 1.87346 1 
0.535181 1 4.5852 1 
0.961094 0 9.65462 1 
0.414299 0 10.2477 1 
0.242251 1 34.1791 1 
0.706725 1 0.575337 1 
0.410165 1 2.08357 1 
0.156579 0 0.768775 1 
0.0160816 0 1.20458 1 
0.256018 0 2.35427 1 
0.760649 0 32.358 1 
0.897247 1 2.31258 1 
0.447731 0 23.7501 1 
0.668868 0 0.51489 1 
0.615463 1 3.9596 1 
0.686927 0 88.1628 1 
0.74015 0 3.92334 1 
0.443803 1 23.128 1 
0.248218 1 8.95247 1 
0.792796 0 20.1674 1 
0.348619 0 5.20406 1 
0.225157 1 74.1533 1 
0.479798 1 13.6577 1 
0.0786593 1 35.5718 1 
0.0249244 1 9.51346 1 
0.654056 0 1.116 1 
0.065682 0 0.596554 1 
0.596556 1 4.60717 1 
0.254672 0 0.55794 1 
0.355226 0 6.90897 1 
0.754763 1 1.22672 1 
0.538918 1 3.46192 1 
0.349463 1 61.0086 1 
0.570391 1 1.36044 1 
0.591958 1 0.519469 1 
0.818757 0 26.0604 1 
0.656472 0 14.7318 1 
0.292629 0 5.75506 1 
-0.246793 1 100.885 1 
1.04875 1 0.911629 1 
0.299484 1 23.8514 1 
0.460656 0 7.77865 1 
0.865127 1 6.54859 1 
0.898324 0 23.9852 1 
0.247106 0 0.56704 1 
0.821829 1 0.559944 1 
0.355127 0 2.27988 1 
0.65419 1 14.3395 1 
0.325577 1 14.8126 1 
0.177761 0 2.45912 1 
0.294617 1 4.11802 1 
0.654282 1 1.04727 1 
0.614801 1 3.04727 1 
0.244436 0 1.61365 1 
0.709379 0 1.517 1 
-0.0991371 1 171.286 1 
0.70767 1 0.687283 1 
0.234887 1 6.27289 1 
-0.139579 1 18.9203 1 
0.842945 1 0.470326 1 
0.363419 1 6.32149 1 
0.260913 1 17.3365 1 
0.145029 0 0.0236628 1 
1.06322 0 100.444 1 
1.22767 1 0.541439 1 
0.166361 0 0.0725759 1 
0.777655 0 14.1544 1 
0.160367 1 36.4533 1 
0.553575 1 4.95929 1 
1.019 1 1.24152 1 
0.160132 0 0.727296 1 
0.115709 0 0.44686 1 
0.866101 0 31.5566 1 
0.353348 1 21.822 1 
0.506042 0 3.03388 1 
0.670004 0 2.18681 1 
0.767046 1 1.27362 1 
0.34473 0 3.78946 1 
0.30874 0 4.5863 1 
0.334333 0 0.868148 1 
0.658884 1 6.42912 1 
0.335478 1 0.378482 1 
0.427127 1 2.71951 1 
0.117843 0 3.78891 1 
0.888523 1 0.0726969 1 
-0.0494451 0 0.293713 1 
0.649208 1 6.86711 1 
0.378815 0 1.05258 1 
1.14299 0 423.131 1 
0.364406 0 12.0957 1 
0.660131 1 7.20885 1 
0.732015 1 2.19198 1 
0.404088 1 37.2344 1 
1.2276 0 203.463 1 
0.540851 1 3.2101 1 
0.679025 1 3.40293 1 
0.450106 0 1.76309 1 
0.602646 0 12.7785 1 
0.234159 1 3.04348 1 
0.43488 1 3.07136 1 
0.386828 0 4.60023 1 
0.683615 1 10.0977 1 
0.610012 1 8.48025 1 
0.170443 0 0.45215 1 
0.1971 0 0.291025 1 
0.233823 1 16.4661 1 
0.657185 0 3.8302 1 
0.354749 1 1.93635 1 
0.396254 0 1.16891 1 
0.305062 0 7.53964 1 
0.222381 1 4.31613 1 
0.655458 1 6.35372 1 
0.392692 1 5.5721 1 
0.639178 1 2.46139 1 
0.357018 0 6.52625 1 
0.538884 1 2.43992 1 
0.776098 0 1.61138 1 
0.491037 0 4.08327 1 
0.385377 0 8.47472 1 
0.0320635 0 2.88992 1 
-0.582289 1 202.365 1 
-0.0483314 0 0.394441 1 
0.771006 1 1.9276 1 
0.328004 1 1.67885 1 
0.819046 1 2.19431 1 
0.738129 0 27.8899 1 
0.450141 1 1.87247 1 
0.264586 0 3.67731 1 
0.0210362 0 1.86129 1 
0.259902 0 3.11516 1 
0.0929184 1 125.789 1 
0.399965 0 0.777651 1 
0.221026 1 143.243 1 
0.057539 0 0.588571 1 
0.825332 1 6.53062 1 
0.426142 1 0.180172 1 
0.70622 0 37.4974 1 
0.602893 1 10.5229 1 
-0.145229 0 0.466359 1 
0.128712 1 52.3532 1 
0.932567 0 1.3486 1 
0.244975 0 0.774706 1 
0.296835 1 1.2298 1 
-0.141816 0 0.1918 1 
0.719173 0 11.327 1 
0.60402 1 0.0102652 1 
0.195463 1 25.5648 1 
0.991839 0 8.8614 1 
0.368512 0 1.23392 1 
0.492223 0 8.82086 1 
0.451296 1 2.75701 1 
0.156141 0 0.189074 1 
0.620759 1 1.44828 1 
0.246035 0 6.58823 1 
0.585029 1 11.2829 1 
0.516914 1 4.91748 1 
0.557288 1 23.2881 1 
0.17932 0 1.184 1 
0.240645 0 1.56454 1 
0.879045 1 0.940336 1 
1.07275 1 0.504662 1 
0.6194 1 2.70919 1 
0.670801 1 0.860106 1 
0.473448 0 10.2925 1 
0.277267 1 29.324 1 
0.587363 0 20.3 1 
0.48337 0 8.91733 1 
0.531345 0 5.98571 1 
0.173146 0 2.68008 1 
0.817459 0 10.7844 1 
0.126839 1 5.94559 1 
0.859132 1 1.00038 1 
0.195971 1 48.1395 1 
0.245426 0 9.49618 1 
0.51439 1 2.56061 1 
0.374581 1 0.074387 1 
1.04542 1 0.701946 1 
-0.0449241 0 1.74466 1 
0.674478 0 86.4288 1 
0.580994 1 0.534187 1 
0.497251 0 3.5273 1 
0.328944 1 12.7166 1 
0.784948 0 48.9678 1 
0.612441 0 8.93955 1 
0.700756 1 5.31027 1 
0.523645 0 0.71717 1 
0.179209 0 0.218592 1 
0.939622 0 10.2762 1 
0.875171 1 0.178502 1 
0.326909 1 26.5604 1 
0.0312402 0 0.704766 1 
0.565477 0 38.381 1 
0.896009 0 11.6484 1 
0.49227 0 2.68822 1 
0.982996 0 83.1529 1 
0.863518 0 25.5547 1 
0.240063 0 3.74601 1 
0.169556 0 0.597086 1 
0.495833 0 1.03992 1 
-0.10033 1 4.6007 1 
0.133608 0 1.00291 1 
1.25637 1 0.0316606 1 
0.166278 0 0.12647 1 
0.522296 1 11.4822 1 
0.30259 1 16.4945 1 
0.586042 1 1.39712 1 
0.459114 0 10.2114 1 
0.275835 0 0.997284 1 
0.697686 0 25.2729 1 
0.5205 0 20.7818 1 
0.988762 0 89.4511 1 
1.04651 1 1.20431 1 
0.357617 1 32.5258 1 
0.384379 0 0.753043 1 
0.687654 0 26.2677 1 
0.728008 0 76.3312 1 
0.814199 0 23.5052 1 
1.15282 0 7.23565 1 
0.160376 1 22.2414 1 
0.47343 1 0.435463 1 
0.595453 1 3.24011 1 
0.899495 0 7.09555 1 
0.0391244 0 0.287564 1 
0.00636054 1 26.29 1 
0.781303 1 1.94668 1 
0.619795 0 29.5638 1 
0.701766 0 31.8455 1 
0.258868 0 2.65167 1 
0.342557 0 0.830679 1 
0.0986245 0 0.86781 1 
0.701393 0 23.3879 1 
0.421444 0 11.5669 1 
0.526764 1 2.34314 1 
0.221722 1 65.5661 1 
1.18329 1 0.311405 1 
0.416227 0 4.72561 1 
0.515995 1 13.5435 1 
0.663824 0 27.0532 1 
0.50526 1 2.52372 1 
0.36041 0 5.39941 1 
0.208668 1 12.562 1 
0.58345 0 26.4899 1 
0.524541 0 10.4743 1 
0.723282 0 1.7262 1 
0.499404 1 8.87234 1 
0.624241 0 10.0134 1 
0.500481 0 0.360914 1 
0.617855 0 9.43545 1 
1.02998 1 1.99804 1 
0.685759 1 2.95862 1 
0.27148 0 6.00723 1 
0.623231 0 7.80369 1 
0.441668 1 17.8854 1 
0.987774 1 0.124975 1 
0.673401 1 5.2604 1 
-0.0907687 0 0.334902 1 
0.396155 1 3.56929 1 
0.487768 1 15.7306 1 
0.981158 1 2.33859 1 
0.599526 1 1.03878 1 
0.594841 0 1.0349 1 
0.458754 1 5.05557 1 
0.481152 1 1.00521 1 
0.532054 1 7.13718 1 
1.00514 1 0.0149933 1 
0.448574 1 0.51647 1 
0.103491 0 0.296727 1 
0.0595534 0 0.516602 1 
0.569682 1 2.96828 1 
0.621932 0 3.79827 1 
0.124992 1 62.057 1 
0.18576 1 14.3597 1 
0.209428 1 138.538 1 
0.692845 1 5.03881 1 
0.691292 0 16.1904 1 
0.672011 1 2.6244 1 
0.693998 0 3.27217 1 
0.641377 0 1.53479 1 
0.646114 1 14.4563 1 
0.678388 0 5.21019 1 
0.000679908 1 8.03338 1 
0.436165 1 3.47055 1 
0.228218 0 0.571225 1 
0.249085 0 4.26743 1 
0.075665 1 4.76188 1 
0.134062 1 11.8737 1 
0.275808 0 2.53782 1 
0.756422 0 20.8276 1 
0.707654 0 32.5739 1 
0.563074 0 0.19562 1 
0.714488 1 5.20793 1 
0.67429 0 17.9889 1 
0.142943 1 49.7414 1 
0.616566 1 1.61824 1 
0.505862 0 13.6928 1 
0.350806 0 2.57998 1 
-0.00129524 0 0.525858 1 
0.979719 0 102.342 1 
-0.0515946 0 2.61425 1 
0.324442 0 1.19124 1 
0.505618 1 10.6342 1 
0.70751 0 8.80089 1 
1.31467 0 225.89 1 
0.933083 0 4.67269 1 
0.31196 0 10.9149 1 
0.363021 0 0.417116 1 
0.722715 1 17.3848 1 
0.370533 0 25.8891 1 
0.626424 0 21.361 1 
0.692395 1 1.86686 1 
0.419266 1 9.9988 1 
0.672683 0 7.93134 1 
0.689676 1 0.33499 1 
0.230657 1 19.5407 1 
0.297072 1 28.8899 1 
0.284046 1 1.08222 1 
0.936793 1 0.768508 1 
0.908599 0 1.47073 1 
0.743206 1 3.60141 1 
-0.308854 1 77.9323 1 
0.833579 0 7.03089 1 
0.260512 0 0.24791 1 
0.29983 0 9.35705 1 
0.377728 1 49.6531 1 
0.199697 1 14.7619 1 
0.0421722 0 0.622601 1 
0.345142 0 5.63154 1 
0.44401 1 7.69777 1 
1.00818 1 0.827498 1 
0.764651 0 6.60911 1 
0.67079 0 1.58948 1 
0.36436 0 14.3844 1 
0.0956183 0 0.631499 1 
0.565629 1 2.9588 1 
0.455927 0 13.878 1 
0.878498 0 21.6628 1 
0.176327 0 3.96333 1 
0.428888 0 26.8343 1 
0.867144 1 3.53914 1 
0.680176 0 28.5041 1 
0.115569 0 3.4221 1 
0.635118 0 26.5937 1 
0.729621 0 16.2898 1 
0.0645636 0 1.92561 1 
0.182702 1 17.0369 1 
0.700623 0 7.65165 1 
0.705202 0 4.10338 1 
0.216863 1 51.232 1 
0.672292 1 1.28866 1 
0.343961 0 4.39495 1 
0.880994 0 126.26 1 
1.00725 1 0.122933 1 
0.663502 0 0.292235 1 
0.625158 0 16.8812 1 
0.731825 0 4.62592 1 
0.472626 0 15.3387 1 
0.505734 0 12.5144 1 
0.303697 1 12.8654 1 
0.310025 1 16.4524 1 
0.603797 0 15.6628 1 
0.803714 0 33.2732 1 
0.658445 0 26.0831 1 
0.991231 0 48.093 1 
0.399651 0 1.0576 1 
0.0618641 0 0.920385 1 
0.866695 0 27.2152 1 
0.996633 0 48.4804 1 
0.368432 1 27.6186 1 
0.612928 0 16.6568 1 
0.816037 1 1.91968 1 
0.917708 0 9.57564 1 
0.287993 0 1.24747 1 
0.56874 0 12.6383 1 
0.666798 1 1.34248 1 
0.594061 1 5.20763 1 
0.546861 1 5.61073 1 
0.665704 1 10.9833 1 
0.55643 1 0.394438 1 
0.566954 0 10.1325 1 
0.33532 0 0.615496 1 
0.283551 1 18.8127 1 
0.694392 0 19.1943 1 
0.57412 1 2.90681 1 
0.143735 0 6.02631 1 
0.609828 0 4.42775 1 
0.745864 0 7.14719 1 
0.232878 1 5.83335 1 
0.335555 1 3.67774 1 
0.787772 0 25.9886 1 
0.316138 1 8.14709 1 
0.290829 1 47.3621 1 
0.461302 0 2.53672 1 
-0.0810964 0 0.477066 1 
0.40743 0 2.57304 1 
0.714539 1 5.22156 1 
0.645325 1 4.38599 1 
0.270551 1 5.1043 1 
0.672036 1 2.81421 1 
0.57032 1 11.4904 1 
0.252855 1 5.24687 1 
0.371787 0 6.85586 1 
0.0736763 0 0.144013 1 
0.276606 0 4.87634 1 
0.369163 0 4.30566 1 
0.3613 0 1.56156 1 
0.390657 1 22.9449 1 
0.24472 1 74.4686 1 
0.609102 1 9.73246 1 
0.437536 0 5.37086 1 
0.444324 1 2.45717 1 
0.917468 1 0.472825 1 
0.221795 0 0.0113422 1 
0.31292 1 9.09817 1 
0.466444 1 0.267315 1 
0.696183 0 1.93081 1 
0.662786 0 42.236 1 
0.352802 0 8.60281 1 
0.870216 0 104.745 1 
0.560798 1 30.9396 1 
0.397033 0 10.5729 1 
0.245682 1 2.32871 1 
0.813368 0 14.7177 1 
0.57152 1 3.41109 1 
0.175409 1 72.8917 1 
0.677489 1 6.58615 1 
0.622193 0 0.779426 1 
0.661932 0 11.7822 1 
0.740651 0 2.78258 1 
0.352659 0 7.75509 1 
0.70542 1 1.45656 1 
0.603581 1 2.8776 1 
0.255188 0 1.83251 1 
0.924062 1 0.547492 1 
0.207466 1 43.4903 1 
0.79405 0 10.0899 1 
0.689728 1 1.15333 1 
0.614453 1 3.01391 1 
0.27 1 30.1384 1 
1.24924 0 203.817 1 
0.557305 1 0.10447 1 
0.349544 1 3.91813 1 
